0
0.002929688
0.009765625
0.01855469
0.03320313
0.04492188
0.05859375
0.0703125
0.07910156
0.08691406
0.09472656
0.1054688
0.1152344
0.1220703
0.1308594
0.1376953
0.1474609
0.1582031
0.1679688
0.1787109
0.1904297
0.2011719
0.2119141
0.2236328
0.234375
0.2451172
0.2568359
0.2636719
0.2714844
0.2802734
0.2900391
0.2978516
0.3085938
0.3232422
0.3359375
0.3466797
0.3583984
0.3701172
0.3818359
0.3925781
0.4052734
0.4179688
0.4277344
0.4404297
0.4511719
0.4619141
0.4755859
0.4892578
0.5029297
0.5126953
0.5273438
0.5380859
0.5507813
0.5625
0.5751953
0.5869141
0.6025391
0.6152344
0.6269531
0.6386719
0.6464844
0.6572266
0.6660156
0.6767578
0.6875
0.6982422
0.7080078
0.71875
0.7294922
0.7402344
0.75
0.7597656
0.7705078
0.78125
0.7880859
0.796875
0.8076172
0.8144531
0.8271484
0.8378906
0.8476563
0.8574219
0.8681641
0.8769531
0.8867188
0.8964844
0.90625
0.9160156
0.9277344
0.9394531
0.9492188
0.9589844
0.9677734
0.9765625
0.984375
0.9951172
