0
0.01367188
0.05175781
0.08984375
0.1279297
0.1650391
0.203125
0.2412109
0.2792969
0.3173828
0.3554688
0.3935547
0.4306641
0.46875
0.5068359
0.5449219
0.5830078
0.6210938
0.6591797
0.6972656
0.734375
0.7724609
0.8105469
0.8486328
0.8867188
0.9248047
0.9628906
1
1.038086
1.076172
1.114258
1.152344
1.19043
1.228516
1.266602
1.303711
1.341797
1.379883
1.417969
1.456055
1.494141
1.532227
1.570313
1.607422
1.645508
1.683594
1.72168
1.759766
1.797852
1.835938
1.873047
1.911133
1.949219
1.987305
2.025391
2.063477
2.101563
2.139648
2.176758
2.214844
2.25293
2.291016
2.329102
2.367188
2.405273
2.442383
2.480469
2.518555
2.556641
2.594727
2.632813
2.670898
2.708984
2.746094
2.78418
2.822266
2.860352
2.898438
2.936523
2.974609
3.012695
3.049805
3.087891
3.125977
3.164063
3.202148
3.240234
3.27832
3.31543
3.353516
3.391602
3.429688
3.467773
3.505859
3.543945
3.582031
