0
0.009765625
0.01855469
0.02734375
0.04003906
0.05078125
0.06640625
0.078125
0.08496094
0.09277344
0.1015625
0.1123047
0.125
0.1328125
0.1416016
0.1494141
0.1582031
0.1689453
0.1796875
0.1904297
0.2011719
0.2119141
0.2226563
0.2333984
0.2441406
0.2548828
0.265625
0.2744141
0.2832031
0.2958984
0.3085938
0.3212891
0.3310547
0.3457031
0.3564453
0.3681641
0.3798828
0.3916016
0.4023438
0.4121094
0.4248047
0.4365234
0.4453125
0.4541016
0.4648438
0.4746094
0.4882813
0.5
0.5126953
0.5224609
0.5351563
0.546875
0.5576172
0.5683594
0.5800781
0.5917969
0.6064453
0.6171875
0.6279297
0.6396484
0.6474609
0.65625
0.6650391
0.6777344
0.6884766
0.6992188
0.7099609
0.7207031
0.7294922
0.7402344
0.7509766
0.7587891
0.7685547
0.7792969
0.7861328
0.7939453
0.8037109
0.8105469
0.8251953
0.8359375
0.8466797
0.8564453
0.8671875
0.8759766
0.8847656
0.8935547
0.9042969
0.9140625
0.9267578
0.9375
0.9472656
0.9570313
0.9677734
0.9765625
0.9873047
1
