0
0.009765625
0.02001953
0.03027344
0.04052734
0.05078125
0.06103516
0.07128906
0.08154297
0.09179688
0.1020508
0.1123047
0.1225586
0.1323242
0.1425781
0.152832
0.1630859
0.1733398
0.1835938
0.1938477
0.2041016
0.2143555
0.2246094
0.2348633
0.2451172
0.2548828
0.2651367
0.2753906
0.2856445
0.2958984
0.3061523
0.3164063
0.3266602
0.3369141
0.347168
0.3574219
0.3676758
0.3779297
0.3876953
0.3979492
0.4082031
0.418457
0.4287109
0.4389648
0.4492188
0.4594727
0.4697266
0.4799805
0.4902344
0.5004883
0.5102539
0.5205078
0.5307617
0.5410156
0.5512695
0.5615234
0.5717773
0.5820313
0.5922852
0.6025391
0.612793
0.6230469
0.6333008
0.6430664
0.6533203
0.6635742
0.6738281
0.684082
0.6943359
0.7045898
0.7148438
0.7250977
0.7353516
0.7456055
0.7558594
0.765625
0.7758789
0.7861328
0.7963867
0.8066406
0.8168945
0.8271484
0.8374023
0.8476563
0.8579102
0.8681641
0.878418
0.8886719
0.8984375
0.9086914
0.9189453
0.9291992
0.9394531
0.949707
0.9599609
0.9702148
