0
0.01025391
0.02075195
0.03100586
0.04150391
0.05175781
0.06225586
0.07250977
0.08300781
0.09350586
0.1037598
0.1142578
0.1245117
0.1350098
0.1452637
0.1557617
0.1660156
0.1765137
0.1870117
0.1972656
0.2077637
0.2180176
0.2285156
0.2387695
0.2492676
0.2597656
0.2700195
0.2805176
0.2907715
0.3012695
0.3115234
0.3220215
0.3322754
0.3427734
0.3532715
0.3635254
0.3740234
0.3842773
0.3947754
0.4050293
0.4155273
0.4257813
0.4362793
0.4467773
0.4570313
0.4675293
0.4777832
0.4882813
0.4985352
0.5090332
0.5195313
0.5297852
0.5402832
0.5505371
0.5610352
0.5712891
0.5817871
0.592041
0.6025391
0.6130371
0.623291
0.6337891
0.644043
0.654541
0.6647949
0.675293
0.6855469
0.6960449
0.706543
0.7167969
0.7272949
0.7375488
0.7480469
0.7583008
0.7687988
0.7792969
0.7895508
0.8000488
0.8103027
0.8208008
0.8310547
0.8415527
0.8518066
0.8623047
0.8728027
0.8830566
0.8935547
0.9038086
0.9143066
0.9245605
0.9350586
0.9455566
0.9558105
0.9663086
0.9765625
0.9870605
